17    76    51    48    65    55    84
83    58    87    35    98    49    86
52    38    14    47    44    41    38
39    79    15    24    79    33    07
25    37    89    12    92    20    30
70    47    89    92    86    13    09
34    58    64    24    30    86    40
84    89    74    26    73    76    82
58    51    33    88    17    85    80
68    21    85    77    01    27    83
65    20    23    57    32    15    24
78    61    03    93    96    05    33
25    12    01    35    82    06    08
03    20    96    71    07    60    96
85    62    27    48    71    32    23
03    37    80    25    01    85    66
92    73    35    56    98    15    68
70    28    56    89    02    91    32
38    53    60    25    92    63    10
42    80    20    45    86    06    22
37    59    46    34    70    93    99
83    58    61    06    87    25    72
58    72    02    78    59    98    19
79    00    58    15    **    54    01
26    19    43    80    77    40    47
33    32    70    62    57    38    66
56    82    97    61    98    30    46
60    20    41    85    25    02    70
43    10    60    63    **    03    11
23    88    18    00    91    88    97
79    33    55    95    12    55    51
05    76    62    87    09    41    08
49    92    30    09    88    44    28
53    86    95    56    00    77    82
03    64    42    91    16    81    84
91    98    74    35    47    29    79
34    51    06    79    81    12    40
09    03    28    91    10    70    01
52    62    08    54    77    11    84
90    38    88    74    48    08    33
79    01    69    45    11    11    41
75    92    56    20    33    59    99
81    28    58    44    67    32    76
01    31    64    43    64    31    48
27    29    08    09    11    55    00
87    01    36    15    01    71    71
59    84    07    78    12    18    95
74    39    07    82    57    04    24
04    87    54    02    05    92    25
13    66    08    61    81    80    33
48    03    19    17    53    19    95
36    60    79    11    90    98    59
68    37    **    36    00    80    63
43    60    99    19    76    74    76
79    45    02    20    90    14    10
75    91    35    05    32    55    10
18    07    93    90    42    94    30
53    45    18    79    40    00    77
51    82    53    14    33    77    89
29    50    00    37    50    20    38
43    88    84    80    70    71    13
34    22    12    32    49    51    11
02    39    19    19    35    39    57
03    08    22    07    06    28    19
16    70    14    26    96    59    40
03    10    03    63    55    28    61
01    03    87    61    58    85    84
34    52    15    47    70    89    04
62    83    80    44    13    19    58
81    10    80    26    41    73    29
07    80    52    17    97    21    99
68    79    79    66    00    67    67
30    36    04    20    70    19    51
77    58    14    40    43    94    71
99    50    56    72    82    82    90
97    49    59    36    12    **    26
21    36    14    90    74    22    91
17    64    60    97    42    30    87
54    26    89    31    15    80    31
58    07    82    10    39    75    76
75    69    34    78    09    75    04
87    60    51    24    51    76    45
03    02    17    82    84    06    48
28    89    08    **    78    00    70
86    19    55    41    26    01    87
50    41    52    80    60    40    29
08    26    62    11    24    70    61
82    93    24    03    24    22    11
61    81    85    92    74    22    89
97    31    27    66    61    96    95
73    77    00    56    02    20    52
14    34    12    32    36    10    18
32    22    15    82    60    08    77
99    56    70    10    31    19    61
06    83    70    04    09    24    62
44    18    85    76    11    15    04
60    19    65    62    54    44    85
18    89    34    30    01    66    07
90    95    34    42    59    85    99
93    13    70    52    25    38    41
84    81    01    79    00    59    71
12    20    89    03    75    97    71
88    54    72    32    99    69    21
19    30    93    11    48    20    03
83    78    82    **    90    41    89
22    32    50    18    19    21    18
52    92    86    70    65    17    37
87    92    06    60    84    42    03
10    18    64    86    12    45    06
53    78    81    90    93    03    77
07    40    78    47    41    66    80
61    18    73    14    38    47    23
89    88    90    08    94    90    84
61    54    40    66    93    55    56
17    43    73    64    64    33    64
77    67    70    94    01    72    12
21    62    07    52    87    80    60
71    28    87    11    04    95    62
02    88    53    44    13    60    32
55    81    65    20    49    46    12
42    85    31    32    90    73    98
17    65    14    20    28    74    92
55    38    93    10    23    92    35
34    95    11    81    50    85    96
52    95    39    59    82    47    87
47    51    39    71    80    81    42
47    02    13    04    87    30    07
51    31    19    89    69    69    **
55    89    95    66    32    30    65
75    58    70    78    32    28    46
60    88    06    64    44    55    81
96    40    42    29    89    00    39
66    22    01    70    36    27    02
20    **    38    37    55    32    63
89    04    08    26    37    30    45
01    17    05    40    44    92    54
01    51    99    06    81    96    17
53    56    97    03    20    47    83
21    15    03    22    51    31    15
95    93    17    54    97    51    98
36    29    85    44    11    64    73
13    29    13    38    57    39    77
89    44    39    09    20    50    79
99    26    44    20    87    13    38
96    37    57    70    25    26    20
52    35    00    21    85    80    59
33    80    91    22    48    42    20
43    21    48    77    36    42    16
37    83    82    23    12    10    83
23    54    01    16    99    77    14
93    22    86    81    70    08    86
00    41    80    81    47    78    37
07    39    30    54    16    85    65
91    81    36    66    41    00    15
77    06    15    95    44    15    47
99    67    44    91    67    **    94
15    45    59    90    00    79    17
00    06    58    03    08    21    98
92    49    41    76    32    33    24
57    56    20    86    06    40    87
88    56    75    44    29    45    05
82    32    11    80    77    20    70
78    03    32    04    86    62    01
61    75    64    07    59    99    24
13    78    09    46    25    58    96
34    73    84    35    91    74    30
59    43    76    50    96    74    23
40    98    59    42    61    08    48
79    14    77    08    52    34    96
46    35    72    59    87    04    36
51    88    56    84    09    25    74
52    24    04    93    87    65    23
38    59    64    05    39    78    98
52    86    97    03    40    91    62
59    10    85    03    39    42    50
78    27    69    49    85    23    34
20    30    97    78    52    90    50
31    70    11    67    95    21    81
41    59    28    06    26    34    47
79    **    58    69    38    79    45
35    09    84    63    52    32    03
57    61    20    10    82    23    41
04    65    73    46    93    81    99
23    01    98    37    54    73    76
89    68    20    95    13    43    04
94    79    33    08    15    82    20
48    62    13    36    27    03    58
74    92    25    69    47    38    49
52    72    46    06    13    29    61
57    00    74    41    90    91    04
21    56    39    13    80    71    30
77    50    48    07    15    60    13
81    25    39    60    15    01    97
32    53    64    11    97    12    58
02    70    98    37    33    59    60
43    99    14    58    62    23    81
32    55    20    43    11    31    70
95    02    17    55    04    71    48
76    84    78    21    42    18    01
96    20    64    15    39    07    20
18    77    55    85    46    08    24
97    07    65    31    79    53    37
19    57    93    00    25    98    86
90    77    22    86    32    08    50
78    74    22    40    15    35    68
90    55    12    74    04    86    38
64    55    85    28    95    91    78
07    23    31    78    97    64    **
83    33    30    54    09    22    12
01    30    81    47    27    90    60
27    42    33    51    02    65    14
56    40    77    62    97    11    82
31    48    15    20    97    41    84
79    63    38    02    57    50    14
20    91    08    12    70    40    68
37    11    83    89    56    04    25
90    63    77    14    01    18    30
91    24    88    57    36    62    76
15    23    98    09    42    80    78
69    39    58    67    77    60    61
88    06    06    09    24    35    48
10    76    43    62    01    82    43
52    91    94    20    17    01    60
89    44    99    65    91    11    29
30    09    07    44    73    58    44
88    39    23    65    06    11    11
92    55    40    25    33    18    48
62    92    14    13    98    54    57
87    19    50    02    78    44    23
59    31    15    09    02    24    81
93    79    52    60    10    41    87
03    42    **    52    98    17    34
48    61    39    14    08    58    25
81    69    40    04    35    91    93
83    59    96    10    78    65    30
67    09    78    28    51    34    35
08    06    29    64    97    62    75
11    45    03    07    36    33    97
85    22    80    14    **    66    93
77    55    62    08    91    42    28
80    13    78    59    64    17    66
37    00    76    91    69    50    48
77    10    81    93    64    62    46
70    90    11    28    34    56    75
41    08    69    87    76    14    65
97    28    12    54    09    74    85
42    33    25    77    02    00    33
68    84    99    51    02    13    72
58    56    20    79    87    04    92
45    00    57    31    29    18    49
44    50    26    73    68    95    10
47    00    25    20    11    63    58
33    45    07    20    25    10    76
47    85    69    18    97    61    56
57    09    33    77    83    42    10
97    25    21    55    84    22    83
83    90    69    06    23    19    52
31    99    42    78    20    20    44
73    13    66    96    71    30    00
75    33    23    56    12    84    02
**    33    29    44    96    73    54
76    11    11    82    00    66    29
51    04    30    39    91    94    17
84    94    39    17    17    47    29
01    01    71    61    02    36    92
07    36    74    94    79    88    39
17    38    88    70    49    91    61
94    96    35    85    77    87    40
03    11    13    90    80    45    52
37    69    92    87    06    02    13
64    25    45    71    00    14    18
59    30    46    71    20    13    68
08    60    16    94    92    88    72
33    19    33    06    47    76    06
88    01    29    00    77    93    58
48    44    60    89    33    13    04
93    06    81    88    78    05    48
59    04    44    00    85    49    82
53    33    14    91    46    28    19
06    45    66    60    79    35    97
00    74    58    92    61    35    22
82    10    66    66    43    22    42
70    55    37    02    86    68    26
15    40    49    **    82    22    75
63    99    42    35    53    06    79
65    11    79    27    08    06    81
99    63    43    75    21    08    30
57    10    44    48    61    05    84
70    91    25    37    63    01    11
44    **    **    52    96    22    18
31    74    89    09    86    29    69
03    18    57    25    01    34    99
44    75    57    21    05    86    38
66    97    50    15    88    95    38
27    06    77    42    91    11    09
64    83    59    19    73    06    45
33    75    11    22    11    04    64
73    88    20    29    35    91    44
77    77    15    60    32    43    68
44    55    42    02    63    10    72
68    67    11    87    03    95    08
27    44    59    28    33    71    70
00    96    68    94    24    77    30
82    62    00    43    99    78    01
53    53    77    11    02    47    66
89    49    01    51    02    29    60
59    27    56    24    07    37    82
16    12    49    48    67    88    76
04    39    57    42    95    84    66
12    01    01    69    88    55    70
60    46    10    33    02    69    72
83    07    44    56    21    42    97
30    **    33    04    72    48    00
67    81    95    32    23    40    03
67    45    61    78    70    84    14
56    01    91    14    34    22    59
08    22    44    44    82    79    57
85    37    74    91    63    43    31
07    51    94    96    05    20    28
38    74    18    04    70    18    24
96    35    81    05    74    52    47
66    61    17    07    85    47    39
03    03    67    29    78    51    07
49    03    91    99    32    50    64
93    06    52    36    12    54    81
00    88    27    57    66    17    80
11    86    31    32    45    06    32
78    55    71    08    42    82    82
55    09    95    51    66    12    43
42    40    28    21    13    37    46
14    18    87    27    49    55    87
08    37    61    38    93    52    35
16    61    93    88    07    73    98
76    99    49    58    03    00    01
34    11    36    69    97    48    53
69    70    96    90    **    11    97
77    07    28    32    88    91    60
51    89    42    01    52    44    21
33    42    10    73    93    55    00
06    95    75    87    23    39    76
05    41    92    46    41    73    08
06    72    00    73    39    95    81
99    76    56    41    41    02    35
25    19    13    87    93    21    20
**    46    65    10    37    98    53
37    29    60    80    74    33    46
51    07    47    68    68    75    24
99    44    74    55    87    11    79
66    05    81    46    26    45    49
66    78    38    09    53    11    46
27    90    06    54    83    40    62
39    77    18    95    14    64    94
20    12    65    73    48    97    01
31    75    85    66    58    99    28
79    12    95    33    48    20    47
51    72    11    84    73    57    99
26    43    58    90    12    15    35
07    96    64    21    38    71    50
13    76    50    75    45    19    76
16    49    11    43    21    81    27
05    54    39    81    79    75    41
34    89    20    65    44    63    17
20    86    53    02    71    62    84
22    90    15    75    64    88    84
74    33    17    **    62    93    17
55    85    90    30    33    41    90
35    72    19    27    86    06    87
59    44    11    69    34    13    63
75    80    44    73    15    25    37
63    18    50    66    01    36    52
32    98    76    01    93    25    80
76    14    98    48    22    91    80
72    34    40    96    84    65    11
17    93    23    05    44    39    56
34    99    71    60    85    20    98
98    15    47    20    05    70    66
59    08    35    27    42    75    94
01    49    60    92    76    82    21
06    78    35    94    12    63    69
73    11    51    39    76    20    90
08    53    87    24    65    14    04
66    11    45    01    70    96    92
81    93    67    49    45    79    40
88    34    60    85    71    30    91
16    84    69    56    15    06    88
63    01    22    43    87    37    44
53    68    41    05    95    85    33
90    38    21    01    54    06    **
57    60    23    38    84    70    40
27    95    43    87    78    01    42
93    50    28    71    25    15    02
67    32    40    99    76    65    81
05    06    11    82    59    09    86
87    71    69    64    35    02    28
83    16    07    28    **    44    30
93    26    47    08    61    73    75
33    10    25    67    07    59    19
94    68    71    51    07    22    68
49    50    67    85    50    31    65
12    62    00    94    40    96    21
85    76    33    51    20    47    54
19    48    35    55    00    07    52
45    89    91    39    97    08    56
57    13    90    26    81    32    09
87    46    10    59    28    73    21
32    80    67    15    41    15    32
03    12    10    49    68    72    69
63    15    51    24    28    70    79
00    61    83    49    99    10    92
57    50    28    46    12    31    99
81    86    34    48    60    04    30
98    43    12    22    33    60    72
63    25    58    47    80    68    96
08    41    83    29    77    38    99
11    54    05    87    60    38    20
72    08    80    43    33    55    98
90    17    38    74    **    66    87
16    00    54    15    07    81    20
55    39    22    05    13    88    20
87    59    51    30    27    20    72
23    96    91    70    56    82    37
84    06    53    71    33    09    33
74    05    29    64    90    32    24
02    53    12    88    92    07    68
76    80    55    94    66    44    13
10    56    95    24    81    98    31
07    17    81    35    58    73    00
86    02    39    43    22    51    44
69    12    07    54    45    29    26
38    96    99    25    40    49    64
06    49    15    51    62    76    29
84    52    31    09    65    11    91
83    32    95    07    63    64    89
30    85    42    19    37    63    59
98    21    78    31    68    03    22
66    04    97    50    13    66    06
32    89    56    04    64    55    04
46    20    73    60    03    06    18
76    05    08    13    80    32    96
77    56    23    18    18    85    00
**    95    63    21    87    14    42
92    47    83    54    69    09    26
95    36    80    09    21    85    70
84    94    75    22    30    56    11
26    52    33    74    88    17    03
29    93    **    21    46    42    74
05    20    77    21    44    87    43
72    29    40    12    03    92    01
14    28    37    09    68    91    46
57    60    98    95    44    55    90
25    16    63    36    49    79    73
71    60    18    23    28    36    84
45    13    01    56    71    78    13
82    36    86    97    62    25    04
80    43    12    18    62    59    25
70    22    78    45    65    15    39
45    92    03    61    99    83    66
58    01    62    01    16    83    43
38
50
25
91
47
74
10
