87    43    98    39    69    78    00
01    98    60    27    81    16    32
97    00    85    81    92    33    79
19    80    12    80    58    31    81
42    05    90    06    85    97    90
15    18    71    67    10    45    44
72    20    62    07    73    25    66
77    60    99    24    00    73    09
14    99    66    29    42    61    03
17    25    53    64    19    13    23
43    77    30    23    69    41    14
09    26    14    31    20    64    48
46    24    04    39    58    07    17
09    40    57    38    56    61    76
70    45    40    12    67    91    76
84    32    80    01    57    04    85
66    45    65    56    51    17    12
60    04    47    86    09    30    68
40    93    23    25    85    06    36
17    37    17    32    40    59    91
82    15    71    30    41    25    13
87    29    76    24    41    12    51
09    67    17    02    91    34    67
67    41    93    15    68    75    94
48    32    07    51    90    77    21
52    87    64    09    19    24    98
99    80    16    54    65    28    02
81    70    94    35    41    52    39
16    06    61    45    74    37    93
60    16    82    57    64    70    33
59    25    40    81    34    56    14
07    23    86    68    92    76    19
98    17    66    65    13    70    91
26    59    10    80    15    51    48
21    90    11    46    93    95    75
30    04    89    71    34    89    25
26    45    81    51    84    92    39
58    56    14    31    66    86    90
74    27    13    96    77    54    79
77    30    17    95    22    83    01
40    39    15    67    66    13    26
48    26    68    24    65    15    81
18    30    61    34    79    84    91
78    98    21    40    23    09    78
55    10    41    40    27    63    14
24    57    93    68    12    70    13
53    82    64    39    29    51    36
40    80    03    59    09    17    05
93    97    87    24    03    01    42
82    45    02    60    75    91    12
91    70    96    34    69    86    52
56    95    74    89    06    66    89
20    19    25    42    39    26    85
56    18    47    50    92    06    52
22    74    18    43    35    33    56
14    72    57    94    17    65    07
81    63    20    72    47    16    56
54    87    27    62    40    88    94
08    28    71    63    17    36    71
03    56    69    62    89    31    31
35    84    28    01    36    41    48
44    82    63    18    74    71    85
35    88    65    46    01    04    16
47    33    00    23    17    58    51
50    28    47    42    78    51    95
76    37    58    38    64    29    92
24    21    97    99    58    39    02
81    17    34    88    80    14    09
56    23    68    43    76    42    18
89    17    23    03    48    95    33
94    66    23    50    93    23    56
34    51    35    73    08    55    29
12    02    01    98    31    39    75
29    09    55    52    28    35    34
18    94    86    85    75    68    89
47    37    13    93    36    70    90
12    54    60    37    56    12    65
37    03    64    09    45    21    36
95    58    51    67    09    49    04
50    12    25    15    35    03    53
29    38    72    90    85    70    38
88    79    20    45    90    43    82
52    84    35    99    59    07    91
95    40    69    98    07    37    51
30    08    85    45    48    05    39
81    30    60    53    57    23    56
85    01    53    08    64    19    20
69    14    59    04    20    75    89
42    54    71    67    86    31    95
39    12    95    00    48    67    88
56    13    21    40    25    79    80
38    34    51    47    28    99    74
31    58    60    24    62    93    17
54    01    60    86    55    78    86
51    65    38    57    78    63    14
02    57    46    19    45    00    11
73    82    90    45    61    51    90
98    49    66    51    76    80    68
93    80    59    47    21    60    73
16    98    52    76    13    79    40
14    60    95    78    47    41    93
29    17    73    86    53    08    15
53    48    91    60    15    29    40
93    02    10    24    37    26    63
84    56    01    35    62    45    40
80    54    39    48    70    25    12
75    86    94    30    28    17    51
34    82    13    50    67    27    09
92    78    30    56    10    32    95
25    92    07    15    55    77    87
29    58    42    56    98    98    83
37    48    51    02    91    69    36
10    65    79    83    42    95    00
80    53    15    10    37    54    66
32    86    92    57    01    28    53
70    15    05    26    37    76    66
48    54    63    93    26    78    14
32    16    77    70    81    35    76
65    75    95    82    06    36    07
85    80    47    80    17    45    24
53    03    52    43    90    03    45
13    86    73    67    46    85    74
85    58    78    39    06    56    53
81    67    43    56    37    22    42
47    85    45    56    37    93    73
47    82    45    74    54    90    41
38    45    34    07    93    02    53
49    73    57    82    68    05    80
25    39    68    41    59    23    42
63    57    08    97    04    47    21
75    98    43    19    84    59    13
92    87    39    40    15    70    64
01    09    49    02    31    34    38
81    79    37    52    99    65    97
98    99    78    34    92    73    82
63    42    97    01    67    63    12
51    69    04    69    28    **    40
13    87    49    71    28    80    90
90    75    55    41    97    04    51
98    74    27    87    14    70    32
58    63    16    92    87    00    37
89    08    11    03    06    08    89
04    04    97    10    53    81    09
63    77    96    76    68    92    62
33    99    08    00    25    29    10
97    35    91    03    41    91    **
13    65    29    94    58    08    31
40    64    82    19    72    31    88
19    35    78    45    83    07    89
71    23    67    73    46    50    44
83    86    05    76    16    26    92
44    04    85    53    21    87    75
06    55    25    68    11    79    95
12    66    95    80    09    76    26
55    20    18    49    83    08    72
84    68    68    81    08    20    06
95    01    56    53    43    08    15
16    52    89    00    75    46    36
27    68    04    25    87    96    33
94    20    55    95    89    05    37
70    **    10    28    33    18    02
76    42    33    92    22    17    01
91    42    90    14    78    15    76
16    25    30    23    17    08    48
13    40    71    53    50    89    75
13    90    58    46    75    30    41
53    67    90    37    63    78    89
33    61    91    45    03    87    39
32    85    87    02    19    58    41
**    38    42    16    42    00    18
11    57    98    39    59    10    34
99    70    85    60    32    18    00
47    51    15    03    98    85    09
18    26    98    62    53    22    00
83    03    69    80    68    28    06
40    48    06    55    21    81    31
87    26    61    92    79    84    13
22    80    44    55    60    26    46
74    73    93    26    92    41    42
23    15    19    61    65    36    44
52    65    26    19    41    84    63
84    64    74    47    24    45    79
47    82    82    40    88    88    25
65    14    55    69    31    10    45
97    97    98    57    13    38    39
80    51    90    00    09    10    27
82    75    07    81    50    52    02
01    93    27    97    89    89    78
00    95    78    84    71    99    **
03    79    69    92    64    83    65
02    41    37    67    20    06    49
47    61    40    88    07    06    69
06    23    80    60    66    42    19
93    99    33    18    71    39    29
13    87    80    78    95    98    02
29    37    30    86    09    09    15
42    44    96    02    89    07    42
98    07    73    04    62    94    96
65    78    12    25    98    16    29
64    22    49    69    26    60    **
**    **    **    **    **    **    **
**    40    09    90    10    69    35
21    21    28    40    39    58    99
19    03    05    22    40    16    88
39    76    44    93    35    02    95
21    04    15    75    31    81    63
34    06    42    01    05    51    83
66    85    95    85    64    62    01
83    99    28    99    87    49    24
72    09    88    76    69    20    02
06    12    09    86    06    87    28
70    62    14    69    19    09    71
14    97    **    29    84    25    20
88    59    08    78    60    84    18
81    17    08    97    97    89    28
86    04    86    20    91    52    86
07    56    44    25    21    00    59
00    56    87    29    54    11    21
49    29    51    40    49    09    69
24    02    81    02    **    78    77
02    76    61    44    50    52    48
00    28    02    12    51    33    35
32    90    95    45    69    93    76
19    76    71    13    67    50    88
79    30    14    07    80    16    11
64    36    88    18    32    63    32
28    88    02    32    43    71    74
27    64    16    37    31    22    42
28    76    33    40    10    10    48
48    98    69    86    46    12    10
89    20    77    89    12    78    78
13    16    24    59    03    91    43
49    59    03    51    66    96    20
62    28    08    49    20    19    88
20    90    32    92    90    23    68
07    07    60    61    15    35    02
62    01    07    51    68    81    79
23    57    68    89    51    25    37
98    98    33    92    40    47    72
67    63    45    64    73    35    15
30    27    57    40    24    14    57
**    11    79    78    81    12    08
24    54    01    83    85    72    77
05    70    12    20    70    14    71
32    59    65    84    39    89    84
99    80    94    64    87    62    92
13    01    93    05    79    10    03
13    87    69    22    89    18    98
59    66    12    29    16    09    10
17    08    54    42    43    92    40
15    00    39    32    35    44    41
**    46    13    90    98    51    12
48    31    75    81    37    20    62
54    19    57    78    47    79    13
75    93    97    04    93    92    60
67    98    18    11    83    18    87
18    69    70    18    14    68    32
01    98    73    75    14    95    39
33    77    68    72    22    67    62
66    28    68    29    17    65    94
53    73    45    40    20    33    24
43    37    65    75    21    70    62
29    46    69    59    66    59    43
70    74    06    26    13    79    12
03    35    03    **    59    63    43
40    70    87    67    92    08    05
76    40    40    90    59    84    72
02    56    28    48    22    60    72
50    77    36    02    31    88    74
06    03    25    71    58    28    60
68    68    **    17    72    87    71
28    52    65    01    03    62    39
01    69    02    03    23    66    78
70    31    93    73    92    73    99
04    62    93    64    98    65    85
97    37    66    61    06    00    47
05    23    30    26    81    91    14
71    80    76    94    39    20    34
86    29    92    93    20    77    81
48    77    51    70    67    17    87
87    03    67    68    21    41    06
41    45    20    03    48    34    07
69    98    90    87    43    24    94
54    91    28    23    10    97    73
17    13    84    04    34    34    47
08    82    08    86    74    00    93
79    03    95    18    87    81    12
51    13    10    99    60    50    60
99    50    44    90    79    56    39
80    83    21    21    62    10    77
18    26    86    86    89    30    73
39    45    44    52    28    24    26
95    47    11    54    68    31    82
71    **    60    71    70    84    50
03    57    39    11    93    97    20
83    43    19    80    39    59    31
36    84    85    34    42    89    65
15    10    06    02    01    04    92
06    17    36    85    89    92    59
15    82    80    12    65    02    76
45    82    92    80    34    99    70
84    44    41    65    69    69    07
00    65    08    55    26    22    61
61    16    44    13    07    62    40
27    48    03    42    44    04    47
57    80    76    40    **    **    **
**    **    **    **    **    **    **
25    36    42    33    42    19    63
55    36    67    55    15    08    99
33    29    28    12    71    50    02
63    78    21    20    63    23    69
53    30    50    87    87    25    18
27    89    70    30    26    67    **
92    60    96    72    57    50    40
09    47    96    71    51    31    93
26    42    47    36    43    90    42
32    31    96    29    **    09    82
08    84    22    89    63    25    27
95    87    20    88    96    89    33
82    88    64    09    46    50    56
85    82    75    02    30    70    02
24    24    78    93    09    76    66
66    70    94    66    99    55    73
49    12    82    11    18    74    21
22    30    04    04    41    43    16
**    46    31    84    90    93    47
91    97    79    02    06    06    69
11    78    18    50    53    88    00
70    13    56    16    16    51    65
51    18    70    62    31    02    01
18    75    35    22    82    16    17
46    88    25    78    46    42    28
01    22    17    73    31    03    93
03    18    90    12    04    73    73
86    55    48    50    75    59    52
48    87    73    39    45    30    98
69    31    15    58    16    65    49
86    61    77    39    06    76    06
60    33    76    68    98    59    22
85    16    86    02    46    21    51
60    16    83    17    50    16    84
53    58    84    39    87    90    94
72    89    79    01    75    73    75
72    73    23    11    63    46    15
96    99    11    34    44    74    07
24    62    52    **    09    31    63
54    49    20    42    49    46    47
10    62    58    69    33    00    40
09    19    58    23    51    57    21
44    31    26    75    42    35    87
87    65    22    47    25    48    62
98    27    17    56    40    51    88
96    77    85    59    58    81    96
18    18    51    20    08    20    94
41    62    42    42    54    23    52
55    30    18    27    20    06    60
73    54    38    24    44    20    19
69    00    67    10    78    01    86
87    96    75    81    08    75    09
75    80    53    30    31    12    32
86    51    16    38    65    86    00
18    22    83    10    64    44    61
40    06    82    68    04    60    30
50    26    79    79    57    72    95
86    47    46    11    30    11    51
27    19    79    93    52    52    85
59    52    88    81    28    26    99
18    51    18    62    52    37    99
71    39    28    01    45    11    **
57    65    56    16    49    82    82
62    71    87    71    04    85    90
97    10    39    25    53    63    60
07    47    65    41    89    87    68
69    60    85    18    00    31    28
54    88    24    98    70    79    20
31    92    33    38    **    48    81
50    07    44    11    62    55    05
98    68    79    42    06    97    58
55    78    32    29    18    90    74
10    59    17    68    64    24    99
78    55    31    41    69    53    90
06    77    79    41    97    77    21
42    91    62    12    82    81    41
14    17    40    18    30    24    72
44    58    65    33    98    62    15
17    23    65    73    32    22    92
01    02    56    25    13    54    52
08    00    29    54    08    72    16
44    93    52    66    13    72    21
71    63    07    10    53    65    79
71    71    68    84    34    50    84
68    38    10    31    18    18    40
16    84    31    89    23    41    23
59    09    97    20    12    52    62
63    17    21    97    86    62    95
52    01    81    38    37    19    09
39    59    13    45    55    93    70
29    56    64    11    **    31    22
60    99    40    29    17    64    44
87    80    80    21    88    55    76
00    84    51    00    28    16    13
86    27    01    44    14    04    78
66    74    14    61    87    64    91
11    81    33    08    **    **    **
**    **    **    10    76    06    37
39    69    00    21    99    75    63
95    69    51    81    25    11    41
17    29    02    18    80    42    40
60    58    79    53    89    36    14
65    18    90    24    42    79    79
94    98    67    66    90    75    12
92    62    04    41    00    40    69
92    84    80    86    17    29    01
27    37    73    94    62    71    87
58    15    73    19    26    01    20
79    30    32    36    20    02    96
89    26    69    67    20    68    66
18    56    68    71    73    35    51
44    33    25    82    12    74    36
35    03    87    85    17    17    36
15    10    01    68    57    68    17
**    61    68    67    38    82    82
11    62    43    84    94    02    48
67    32    34    10    90    47    13
67    28    11    23    77    00    02
94    54    70    85    29    40    22
25    36    **    24    75    31    90
13    11    39    39    54    19    28
28    48    12    85    57    77    03
60    91    19    17    95    56    69
13    90    03    78    23    12    56
56    97    03    13    10    88    79
16    90    27    17    56    92    20
76    28    55    67    58    88    18
70    20    58    58    07    35    37
06    48    31    26    44    93    31
89    11    57    88    52    51    99
27    02    35    66    71    92    96
11    02    40    01    50    34    34
64    32    31    99    93    81    14
50    59    46    53    22    19    39
50    43    39    56    84    47    07
49    14    86    **    **    **    **
**    **    **    **    **    **    **
07    64    51    43    56    **    **
58    35    04    16    34    57    14
97
85
90
21
14
