84    12    30    44    35    64    95
12    50    63    38    47    99    65
39    15    84    02    04    61    87
51    36    47    30    05    28    93
10    54    29    86    37    91    77
37    80    43    60    44    05    88
20    84    19    30    66    15    71
55    91    40    00    02    80    88
76    55    85    27    12    42    32
89    02    47    63    30    93    19
25    08    67    44    35    14    79
13    61    13    02    98    77    98
44    78    99    61    04    98    25
72    18    12    77    52    00    07
37    57    10    98    02    24    36
37    03    18    55    78    50    02
97    27    26    *    67    00    44
26    62    12    16    88    99    17
28    10    96    66    46    96    40
09    *    19    96    77    27    88
02    32    30    55    85    27    95
10    77    28    41    14    65    31
97    98    37    42    01    22    01
90    29    28    04    46    81    81
52    54    05    76    69    16    31
10    60    22    00    56    96    06
58    13    77    69    21    59    *
*    49    41    21    66    57    15
19    39    07    87    68    20    23
89    64    94    86    62    34    17
12    51    69    30    40    19    29
19    63    88    08    71    23    03
17    64    39    22    99    72    16
90    70    43    79    60    78    11
22    65    51    03    10    37    87
13    42    74    17    75    03    07
47    47    67    00    74    49    08
10    10    30    62    41    92    82
39    77    07    86    80    48    47
64    07    37    59    79    02    *
28    42    02    88    66    15    99
30    09    96    78    58    28    38
57    21    14    22    43    94    82
63    31    76    99    71    32    96
35    77    97    62    11    46    78
23    82    64    91    03    14    51
01    10    68    41    73    98    77
59    19    87    17    00    36    60
88    68    74    70    64    **    **
02    57    31    69    11    21    69
50    63    10    62    12    74    28
28    03    18    34    15    13    59
67    19    06    25    34    29    28
19    87    56    57    05    09    16
88    46    03    87    81    66    66
67    36    40    32    30    20    87
85    12    67    30    51    53    31
44    47    04    46    04    39    23
70    29    98    45    16    63    95
48    96    13    48    48    26    75
72    81    19    46    09    75    49
**    **    **    **    **    **    **
**    **    **    30    46    **    56
59    09    79    20    80    89    89
17    08    60    13    18    25    21
13    54    78    65    58    04    88
02    82    95    12    81    86    01
86    42    07    95    79    97    70
92    49    36    98    48    83    89
96    40    07    78    08    37    59
50    24    92    03    77    54    39
00    79    28    73    73    28    82
70    **    96    17    96    42    98
09    62    16    03    16    05    40
27    91    20    29    07    11    63
70    95    46    95    78    47    85
60    93    07    69    10    54    11
64    97    55    72    11    52    97
97    53    03    15    85    97    36
57    94    32    96    65    92    55
89    18    31    51    31    92    **
**    95    10    87    40    98    80
51    87    99    73    19    73    13
99    83    71    76    84    99    83
09    52    54    27    26    01    48
49    00    55    85    20    55    04
20    46    37    31    21    13    13
69    89    07    77    29    09    77
47    41    13    31    41    56    53
97    68    82    60    98    88    25
01    93    02    33    98    30    91
90    61    55    25    37    33    32
87    61    03    82    22    05    05
23    25    03    87    39    53    06
28    93    90    80    65    89    94
80    58    08    12    75    19    15
24    50    74    72    79    57    87
66    13    70    16    13    66    45
13    06    75    88    08    09    82
19    89    46    42    04    25    60
16    89    10    26    27    79    69
22    06    84    13    75    37    89
85    36    70    75    09    32    71
21    81    85    85    29    80    77
25    55    59    86    68    48    41
12    29    11    12    00    72    08
17    04    06    42    73    41    40
74    74    68    85    66    86    55
66    80    47    80    33    46    82
01    04    84    48    02    45    98
03    23    70    79    20    09    26
43    87    32    64    32    48    **
**    **    **    **    **    **    **
**    53    98    32    31    08    84
67    54    59    89    31    39    44
18    99    23    44    17    07    60
95    31    08    13    01    81    08
10    88    93    30    85    07    11
91    96    19    57    35    91    65
63    73    12    97    60    63    95
63    12    99    28    92    38    87
90    14    48    47    22    15    82
33    05    07    25    13    01    25
61    07    60    50    67    74    86
56    65    **    42    21    10    50
79    04    04    60    65    81    62
00    89    80    68    99    04    57
49    82    80    07    82    60    54
91    45    00    69    12    93    88
83    12    01    14    03    96    22
17    66    63    10    99    49    43
02    52    80    76    **    31    88
07    44    16    24    29    42    07
24    07    00    87    23    04    37
91    82    71    35    10    34    64
93    76    65    02    10    31    07
35    89    63    85    81    77    34
79    95    29    75    14    29    62
11    63    31    86    86    25    27
86    92    13    73    16    28    39
82    14    97    11    89    74    71
13    93    85    55    79    35    96
89    55    21    17    00    53    70
09    51    28    04    25    01    28
24    59    16    04    51    57    15
08    72    16    85    80    71    14
53    63    55    77    39    39    57
81    97    52    99    02    14    24
52    11    96    02    45    71    00
90    42    12    14    00    92    19
78    04    75    99    85    22    68
98    83    91    33    74    09    73
66    37    67    24    00    47    59
**    84    28    70    26    62    04
62    54    05    39    84    34    56
84    66    60    86    34    08    82
89    37    31    85    75    44    20
75    02    18    69    76    41    30
90    75    34    42    68    22    37
61    38    40    72    63    41    94
92    75    89    36    67    45    34
15    54    89    89    41    07    12
03    92    52    01    93    10    17
83    03    80    44    54    43    94
40    71    98    78    30    07    86
21    72    20    21    07    19    11
31    13    17    78    33    82    73
99    24    88    28    84    60    08
11    02    02    36    80    13    80
39    81    39    17    01    60    02
68    41    74    08    62    48    67
78    03    96    83    66    38    10
61    59    62    72    97    59    74
76    92    01    64    97    52    51
07    55    05    64    71    04    71
92    61    91    89    27    83    19
70    08    19    **    31    69    62
37    12    12    63    52    67    31
34    63    32    57    93    65    67
65    23    70    87    85    15    45
18    69    70    65    50    47    97
60    97    19    32    81    44    32
84    33    **    12    73    95    19
15    45    34    87    91    80    82
91    92    80    41    17    35    04
75    60    77    22    80    17    39
17    97    33    95    29    50    39
95    76    28    47    23    48    41
91    93    06    38    38    10    12
68    18    26    77    92    68    17
72    10    69    83    30    02    41
85    58    16    79    11    40    59
01    30    81    75    79    81    96
58    84    18    52    15    07    48
24    11    59    18    59    95    31
39    17    39    62    54    72    79
47    48    83    54    10    86    60
93    05    08    43    46    36    14
40    51    10    49    93    79    53
17    12    95    58    82    81    05
49    95    35    04    39    39    65
66    52    17    51    70    81    73
82    50    57    68    90    30    98
62    23    56    70    10    77    12
97    29    44    24    74    32    32
31    **    96    45    30    28    69
32    51    13    70    69    75    63
26    19    71    45    25    69    98
35    97    58    99    58    10    16
57    13    97    60    80    36    95
03    21    47    27    42    51    75
42    51    21    49    76    43    43
48    13    13    91    97    91    86
71    70    27    20    70    25    86
20    28    91    11    47    49    98
24    55    47    99    10    32    22
50    31    15    03    73    95    83
85    90    92    70    **    **    **
**    **    **    **    **    **    **
11    28    95    45    93    87    90
94    82    28    32    02    09    02
57    23    02    49    12    06    47
01    70    58    54    91    58    92
51    84    72    75    39    21    20
80    29    88    04    99    33    17
05    45    13    70    97    86    34
52    88    17    93    47    02    59
80    71    93    50    65    71    86
56    26    09    72    **    87    98
05    60    77    93    25    35    40
69    51    32    08    98    42    81
90    43    74    90    64    20    08
69    14    74    63    57    36    05
25    74    13    84    90    24    18
26    17    63    56    40    10    16
08    29    71    49    25    09    72
08    78    06    43    30    08    37
**    14    23    28    79    69    33
10    44    80    24    84    30    04
54    42    20    90    10    17    60
76    70    25    21    95    78    90
06    70    82    72    25    81    88
24    49    56    07    95    81    12
04    65    19    80    04    38    42
83    45    79    79    18    21    99
52    71    35    71    34    61    14
34    73    11    93    43    40    13
20    90    48    31    69    86    37
50    34    81    08    73    62    29
06    92    50    42    47    17    12
72    15    98    40    23    61    12
19    96    04    32    03    80    85
57    03    10    68    10    27    27
91    96    89    76    30    26    68
59    20    59    51    87    18    70
61    31    80    29    40    01    29
31    93    44    91    89    59    44
12    84    17    **    83    04    29
12    34    32    09    21    74    55
59    82    53    28    64    14    46
46    08    46    50    88    06    03
74    25    66    29    07    26    06
53    78    29    04    58    14    12
03    46    13    07    43    25    41
08    44    06    35    93    70    22
28    31    35    49    67    96    93
77    38    63    06    40    96    98
40    70    93    57    57    54    20
51    51    47    32    46    33    73
71    47    26    93    40    97    37
51    20    86    89    26    87    03
87    55    78    22    53    56    78
74    49    78    28    26    43    82
49    89    91    91    98    28    43
41    79    73    66    74    69    78
72    53    10    99    98    91    12
92    42    06    20    97    46    07
06    92    96    10    14    21    14
12    56    02    23    10    16    69
31    33    50    08    73    27    47
48    18    27    62    38    87    **
46    37    08    75    12    15    30
63    53    52    77    68    10    76
26    07    44    30    69    03    77
96    43    92    73    43    80    39
94    01    89    40    80    75    60
70    60    13    73    11    01    13
17    19    73    09    **    31    35
76    21    46    19    06    93    39
14    30    59    11    60    20    81
11    22    79    22    89    60    53
62    76    51    56    56    11    13
58    21    35    58    37    88    58
10    12    37    31    59    41    20
32    05    01    03    28    12    08
42    64    08    28    24    74    57
92    64    67    99    61    70    17
38    13    62    13    73    14    87
14    14    37    66    99    34    99
43    39    98    85    39    44    75
55    64    69    30    37    39    45
78    06    71    80    58    00    61
58    81    97    44    66    47    82
83    57    55    79    49    39    80
41    21    91    85    05    41    60
20    02    62    22    63    03    77
04    26    35    91    30    93    75
71    72    29    69    35    61    69
74    45    50    54    20    84    15
50    49    42    16    **    66    86
43    18    85    04    22    02    44
28    07    02    42    08    42    07
28    20    40    42    06    29    04
87    21    58    17    64    37    02
60    15    30    79    06    91    34
62    91    71    91    45    42    91
53    96    19    09    98    07    68
90    52    70    46    15    47    58
91    78    82    45    51    51    51
93    03    12    68    12    89    81
21    09    76    06    86    35    79
10    71    16    35    16    03    55
45    78    03    12    08    35    07
20    08    10    89    39    32    34
32    56    36    44    25    71    52
21    21    69    97    99    59    15
99    77    81    50    50    16    82
74    04    42    02    08    54    14
28    88    22    88    11    68    09
02    59    87    29    29    42    45
60    85    67    80    49    51    31
32    85    52    32    09    52    90
49    36    46    83    39    27    46
**    75    24    66    74    24    46
98    81    81    39    03    89    98
12    10    31    39    28    87    73
88    15    99    09    10    22    84
69    50    72    92    84    65    63
42    74    **    87    42    92    15
04    79    58    69    10    76    59
60    78    08    47    90    81    98
72    20    25    40    08    24    37
07    41    88    85    17    75    39
19    18    97    68    58    13    59
35    06    71    03    61    17    26
72    61    02    32    98    59    50
99    94    21    88    32    19    28
71    31    59    09    88    99    03
80    49    93    87    11    51    49
15    80    10    53    39    79    81
46    15    74    27    69    26    32
40    79    76    12    60    25    30
41    93    44    30    22    25    87
33    75    22    51    72    24    11
58    54    98    98    95    95    75
78    68    70    57    60    57    44
78    23    88    27    78    20    21
82    39    92    49    93    70    32
27
73
71
20
76
