08    12    90    22    31    70    47
70    96    24    32    48    79    17
25    42    81    75    56    86    22
52    86    44    58    62    18    41
54    73    33    40    96    72    54
26    05    31    48    53    00    87
92    69    09    20    77    44    36
70    17    57    83    21    61    04
30    68    90    14    50    37    03
76    29    01    56    81    65    63
87    51    46    78    66    99    06
28    55    13    31    34    05    84
63    12    45    90    27    87    29
56    63    94    75    42    58    30
49    27    57    37    83    14    23
80    91    35    49    26    09    00
59    47    96    86    14    31    88
36    60    52    40    78    12    45
14    95    39    29    50    35    77
84    10    63    92    01    32    87
19    05    89    42    71    08    28
28    79    28    10    37    90    26
53    82    09    50    17    20    62
79    44    54    90    62    57    47
04    86    75    84    01    05    67
72    48    61    96    07    90    18
76    64    85    34    64    97    49
02    83    13    74    58    04    20
95    65    24    19    55    33    80
13    75    88    69    57    07    95
87    23    44    92    76    50    67
98    82    59    46    89    00    51
36    47    21    83    17    54    90
84    29    43    35    37    75    31
49    01    50    64    87    89    42
52    96    64    36    20    21    77
06    56    27    98    02    70    94
68    11    92    71    22    28    30
82    04    99    40    85    08    95
31    26    **    01    83    67    66
01    53    05    25    74    22    19
69    32    43    91    59    48    54
99    68    13    35    96    08    38
14    84    77    28    33    10    84
21    53    07    44    61    70    23
99    36    40    17    18    85    21
60    26    56    03    **    34    14
98    55    81    42    04    11    73
05    09    42    94    25    56    73
68    29    18    47    86    12    00
67    40    14    77    64    01    42
88    96    33    08    87    94    71
54    59    69    42    66    85    68
92    40    28    93    35    81    19
58    83    22    75    95    46    89
30    98    99    12    84    77    21
37    39    10    **    62    96    18
21    67    41    50    35    45    24
87    97    11    32    54    28    28
15    32    07    78    46    96    61
95    32    21    58    63    18    38
72    23    41    15    60    00    36
56    67    36    48    39    14    74
94    68    94    23    70    34    47
42    34    69    18    61    63    94
12    56    22    12    96    73    71
02    81    98    46    23    93    89
14    67    45    70    52    94    31
**    29    63    63    15    20    47
32    36    55    70    88    15    67
03    16    64    59    54    02    06
85    29    29    65    39    42    04
26    07    58    43    30    01    08
74    26    68    02    18    00    37
45    83    77    75    05    96    03
95    12    66    35    17    20    13
10    89    47    03    74    35    32
76    91    69    81    64    74    89
**    29    07    88    46    11    32
85    74    24    01    63    15    40
06    90    51    39    05    29    27
06    82    29    90    11    47    33
**    **    **    22    18    30    **
08    54    06    34    71    94    **
53    29    04    70    91    20    **
13    97    02    00    46    47    **
88    06    42    70    22    86    **
20    31    82    65    13    70    **
48    63    17    30    90    81    **
24    06    97    58    44    15    **
36    06    15    97    34    41    **
92    17    36    03    70    87    **
**    **    **    **    **    **    **
40    59    09    48    82    **    **
08    29    74    16    32    80    **
84    09    51    73    10    98    **
62    73    51    86    30    30    **
42    82    63    52    54    70    **
31    69    75    76    56    18    **
21    54    45    82    99    71    **
55    67    10    71    65    99    **
65    73    26    19    71    80    **
13    90    52    82    49    72    **
48    86    19    25    43    80    **
11    95    20    64    97    51    **
42    68    17    95    80    99    **
16    34    78    28    15    63    **
41    82    56    37    97    11    **
30    97    26    17    14    80    **
68    13    28    65    92    73    **
39    15    85    93    20    80    **
**    86    17    13    98    63    **
21    53    52    97    17    41    **
67    94    10    15    60    91    **
92    41    92    35    17    83    **
76    51    78    21    56    38    **
93    02    43    11    80    00    **
47    13    10    65    43    23    **
30    58    49    23    46    11    **
24    78    32    04    59    13    **
68    20    47    83    40    20    **
00    82    37    52    06    11    **
13    09    14    90    59    90    **
55    74    07    84    13    12    **
93    18    57    23    98    95    **
30    42    93    17    69    31    **
57    89    30    80    24    66    **
60    23    91    57    63    14    **
13    81    42    48    08    63    **
96    53    18    20    59    70    **
57    41    52    93    04    60    **
34    85    96    **    12    74    **
79    78    43    03    52    52    **
11    32    76    74    98    58    **
57    68    60    44    13    80    **
95    07    86    16    72    58    **
43    19    52    19    49    01    **
09    04    76    52    14    81    **
15    64    39    12    93    80    **
29    31    76    03    25    38    **
28    00    35    86    18    25    **
80    95    14    36    88    23    **
40    22    86    50    71    96    **
81    54    54    15    20    89    **
47    60    82    03    41    60    **
58    03    96    24    76    97    **
07    91    28    96    46    24    **
82    63    26    67    89    22    **
11    83    01    21    62    28    **
74    00    99    53    86    09    **
24    23    34    90    62    80    **
70    43    44    31    90    77    **
15    41    36    82    88    08    **
52    22    10    64    14    62    **
13    40    70    53    28    40    **
35    01    86    44    73    94    **
51    20    77    71    35    97    **
40    74    01    20    90    34    **
46    93    76    22    04    46    **
31    88    94    07    52    31    **
45    79    71    28    65    82    07
93    65    66    71    94    03    62
26    97    50    12    65    97    38
85    69    95    46    32    71    85
68    09    75    77    00    30    60
48    62    11    77    38    60    94
01    46    78    19    62    01    81
24    71    60    57    02    51    57
76    95    51    75    08    37    99
87    09    28    17    66    33    13
54    86    27    33    59    13    03
02    41    53    62    87    66    00
30    75    18    04    12    51    20
67    88    17    15    30    33    15
82    67    33    47    06    46    97
09    22    03    76    32    29    63
24    01    29    35    02    09    65
91    86    39    78    86    28    32
35    60    81    18    79    04    83
20    78    59    32    42    40    03
26    44    18    51    55    55    74
59    04    74    31    96    44    22
02    50    57    31    65    17    24
59    26    99    96    27    48    33
64    98    37    14    58    00    71
02    65    94    24    75    27    90
92    96    21    75    86    31    24
51    40    89    64    26    89    98
34    30    79    85    49    57    98
00    57    30    57    28    78    23
10    **    64    88    57    10    68
98    90    54    07    19    51    55
98    51    80    49    55    54    71
77    53    05    11    84    23    67
07    21    91    55    81    50    79
47    68    52    23    45    08    00
31    92    09    70    39    21    12
82    47    23    02    95    22    91
05    41    51    78    90    80    76
80    22    29    08    73    94    98
41    92    98    52    14    63    58
18    58    40    97    62    93    01
40    01    98    32    89    42    31
12    60    25    90    15    40    90
15    81    32    07    63    70    86
12    20    81    73    62    42    46
03    82    45    12    71    82    81
43    91    84    24    92    98    36
81    14    07    84    43    78    34
73    92    81    28    73    48    04
26    96    06    47    02    97    31
11    28    76    88    59    84    50
67    89    69    24    39    26    41
92    16    67    18    07    60    57
02    73    88    77    32    49    72
55    82    73    56    80    30    88
36    08    52    41    36    10    15
59    18    40    54    10    98    35
84    64    07    03    75    21    42
75    68    99    68    92    75    94
97    20    43    98    88    20    31
11    68    37    10    25    99    44
52    40    39    11    60    13    73
92    74    03    70    25    83    29
84    70    08    11    30    28    22
84    35    73    49    37    77    40
76    00    84    53    45    87    46
04    89    63    16    35    84    03
18    35    01    80    53    66    01
56
73
42
17
26
41
70
26
53
72
