89    87    29    86    92    82    99
26    56    95    39    55    42    83
84    36    95    96    38    34    01
95    82    14    89    24    83    82
82    84    24    27    82    42    51
94    27    73    62    13    11    52
96    72    87    08    98    84    92
01    96    13    14    69    66    92
34    77    76    85    97    08    10
24    99    81    83    16    31    65
94    74    88    48    21    63    35
83    88    25    83    96    42    65
72    **    **    77    02    72    60
06    67    98    27    53    72    19
77    47    29    64    10    41    78
78    67    32    48    61    78    58
70    98    81    45    62    31    23
39    70    45    55    28    02    10
82    13    90    12    45    77    60
87    57    86    39    29    47    52
02    65    52    69    36    76    91
76    48    12    95    09    41    43
93    18    19    64    03    25    26
10    89    08    58    93    65    40
87    14    41    05    44    85    94
96    70    31    32    40    08    63
12    00    91    76    28    04    00
42    15    66    90    01    64    20
59    27    68    98    84    44    92
94    11    04    16    71    50    35
90    67    98    71    35    42    23
01    36    28    46    43    66    90
08    50    31    80    05    48    59
31    91    84    40    81    10    03
17    60    84    69    33    **    50
42    59    96    16    80    62    11
88    51    67    40    33    29    31
94    45    52    26    32    85    18
81    20    14    47    29    37    59
32    40    94    26    91    79    12
49    84    30    72    91    85    00
01    88    18    05    74    33    84
94    12    98    31    17    03    27
09    23    84    37    25    63    00
30    12    07    01    97    16    69
32    96    89    91    20    89    73
**    **    98    98    71    10    95
60    79    26    19    45    55    13
18    53    68    08    51    51    92
86    20    39    14    78    30    43
92    81    58    01    30    60    21
40    64    16    43    92    74    68
66    28    88    78    00    16    30
76    09    62    15    45    91    86
64    98    74    50    24    70    52
80    01    48    13    39    08    41
53    42    20    89    73    25    13
27    92    85    78    30    60    18
**    45    **    09    49    20    47
70    67    62    52    21    88    95
40    00    45    84    31    93    31
19    51    69    55    97    89    15
67    60    42    74    **    02    80
93    52    92    17    86    75    18
61    37    18    45    35    41    69
98    25    61    97    72    32    84
21    89    36    19    87    81    15
81    34    25    82    17    42    30
40    64    02    54    27    75    11
26    70    33    15    14    70    47
30    12    73    92    46    63    97
**    42    60    44    31    70    59
08    84    28    10    09    92    68
51    97    75    35    87    32    92
41    10    82    03    14    14    80
98    43    65    20    35    79    34
68    09    68    31    96    27    67
93    70    25    72    40    15    71
81    28    85    65    48    54    96
11    83    83    97    30    65    35
59    14    80    34    26    87    99
41    29    08    66    37    04    30
70    61    18    49    97    26    24
04    42    30    80    83    42    94
18    96    06    69    20    80    91
33    72    **    15    99    21    25
49    56    86    01    69    07    60
86    25    18    54    74    96    18
06    36    74    42    67    **    10
82    98    21    81    79    09    88
66    56    02    32    44    28    91
81    18    79    **    66    69    25
57    90    46    09    39    66    76
18    28    60    26    42    05    43
87    43    38    99    73    79    93
57    25    60    14    06    57    70
94    79    36    20    66    83    03
23    55    14    44    35    51    44
09    91    81    24    18    40    23
38    54    74    59    86    17    87
24    04    39    19    78    34    60
87    54    80    02    24    92    87
21    57    39    46    10    02    97
69    90    86    50    22    63    80
38    86    29    36    67    52    98
12    35    95    11    07    32    51
66    06    17    51    46    99    57
40    22    97    19    81    40    22
80    42    79    47    19    12    84
73    11    59    31    33    71    90
58    80    82    10    35    93    60
12    13    26    71    05    97    02
38    06    75    23    93    15    65
68    58    42    48    69    29    23
49    99    67    43    72    93    **
30    73    26    90    62    40    92
86    98    52    04    56    93    46
20    46    88    74    36    80    68
62    70    92    57    08    27    40
39    48    30    62    44    90    90
82    60    96    12    70    63    43
44    19    82    60    **    13    87
39    54    47    63    15    42    25
07    05    27    32    73    04    44
61    56    85    43    13    20    18
03    88    77    59    20    97    92
64    41    91    93    64    18    89
88    31    73    20    50    15    59
39    57    17    96    76    89    27
26    69    65    51    21    15    39
41    52    06    28    84    87    30
02    80    64    66    04    40    28
48    22    32    86    83    63    40
06    55    60    05    80    45    85
26    12    41    30    32    62    06
01    54    09    26    42    49    05
16    29    47    69    05    10    69
46    72    76    27    35    53    77
69    51    46    12    90    27    47
90    70    33    88    53    38    95
35    69    97    20    93    80    48
58    25    11    79    99    63    13
66    77    57    22    33    19    87
15    94    45    76    **    31    45
89    36    36    15    99    76    47
66    45    52    26    66    00    30
18    33    01    60    73    71    98
15    57    99    20    34    74    03
84    52    13    17    26    38    79
11    69    04    50    68    13    57
28    45    32    75    64    03    43
97    19    78    15    27    09    50
54    39    27    26    35    18    26
98    87    32    84    12    71    45
40    31    99    68    50    70    28
98    36    21    54    14    56    90
51    84    80    94    27    74    93
35    02    93    86    43    56    50
66    83    91    29    02    88    20
45    25    77    86    40    93    31
90    68    01    15    82    67    15
84    50    38    86    01    19    33
26    02    23    11    35    24    14
43    59    37    48    51    08    10
26    09    43    22    61    45    38
59    10    25    69    38    49    12
94    26    70    13    80    78    25
**    14    54    59    76    91    91
27    58    03    73    80    07    58
08
76
99
15
56
27
06
56
92
74
06
13
93
17
91
67
08
90
42
41
64
26
66
62
10
03
27
21
74
89
59
13
22
15
69
11
23
07
47
53
81
89
35
87
50
84
20
22
10
34
26
02
17
62
48
52
85
14
03
80
94
60
17
98
39
12
32
65
89
68
12
64
87
02
14
39
84
43
25
17
15
68
07
23
59
40
02
49
60
43
55
17
61
38
38
87
31
32
71
66
40
30
44
91
84
93
49
87
90
31
40
60
26
91
55
46
85
88
25
67
73
25
98
40
91
54
95
26
30
41
65
35
47
37
01
92
47
29
03
29
89
48
53
06
52
